112
117
157
193
112
132
168
106
120
134
105
165
160
194
187
109
110
197
186
120
149
150
158
171
150
136
179
161
165
136
132
146
196
193
103
175
123
178
120
188
113
167
167
133
163
145
184
143
148
163
187
167
103
115
159
112
175
177
179
130
181
175
119
157
134
100
119
136
124
100
140
140
189
100
155
109
179
108
157
156
109
175
130
164
120
159
164
173
144
150
122
191
113
199
131
146
169
190
112
144
105
128
192
190
170
121
185
186
185
179
160
191
140
182
152
179
178
144
149
151
169
100
185
151
134
177
104
156
136
189
128
123
141
107
193
177
174
161
122
128
119
119
164
151
148
195
182
122
124
116
179
101
182
160
123
100
160
192
167
171
141
199
178
122
188
110
107
169
116
193
154
173
196
105
152
110
190
108
125
177
173
156
137
126
156
167
107
168
121
158
113
112
172
174
107
140
150
126
197
117
120
148
